10
0 1 0 60 0 1.0 0.0 0.0 0 0 0 0 0 0 0 0 0 0 0 0 0 0 0
1 1 0 0 0 0.7 0.6 1.0 0 0 0 0 0 0 0 0 0 0 0 0 0 0 0
2 1 0 0 0 1.0 0.4 0.6 0 0 0 0 0 0 0 0 0 0 0 0 0 0 0
3 1 0 0 0 0.5 0.6 0.0 0 0 0 0 0 0 0 0 0 0 0 0 0 0 0
4 2 0 0 -70 1.0 1.0 0.5 0 0 0 0 0 -70 0 0 0 0 0 0 0 0 0
5 3 0 0 -70 1.0 1.0 0.5 0 0 0 0 70 70 -75 0 70 90 0 0 0 90 0
6 1 0 0 0 0.6 0.3 1.0 0 0 0 0 0 0 0 0 0 0 0 0 0 0 0
7 1 0 0 0 0.6 0.3 1.0 0 0 0 0 0 0 0 0 0 0 0 0 0 0 0
8 1 0 0 0 1.0 0.2 0.3 0 0 0 0 0 0 0 0 0 0 0 0 0 0 0
9 1 0 50 0 0.4 0.2 1.0 0 0 0 0 0 0 0 0 0 0 0 0 0 0 0
